18	0	20000	-0.17907776548927096
18	20000	40000	-0.004126987334547392
18	40000	60000	-8.828861162471071
18	60000	80000	-7.923452223342019
18	80000	100000	-8.688573192753324
18	100000	120000	-8.16790146960328
18	120000	140000	-7.459396208586735
18	140000	160000	-7.51587580156694
18	160000	180000	-6.260444565552558
18	180000	200000	-8.347804014020657
18	200000	220000	-8.218037963718348
18	220000	240000	-7.800371832967973
18	240000	260000	-5.895285519562578
18	260000	280000	-4.320275350549898
18	280000	300000	-3.856327125821795
18	300000	320000	-3.1671045911331035
18	320000	340000	-3.2650510073128913
18	340000	360000	-3.1705222646254363
18	360000	380000	-2.686446402523088
18	380000	400000	-2.0609024657587387
18	400000	420000	-0.5326638186441537
18	420000	440000	-0.9465089133140809
18	440000	460000	-0.9049370602270068
18	460000	480000	-0.6217571817159051
18	480000	500000	0.06695065011965973
18	500000	520000	0.6772822424472924
18	520000	540000	1.262162038480871
18	540000	560000	2.319145814291364
18	560000	580000	3.2909828766022162
18	580000	600000	1.784916535657299
18	600000	620000	2.1626566313454436
18	620000	640000	1.7265926222181838
18	640000	660000	3.0594616822812517
18	660000	680000	1.9262242510819059
18	680000	700000	0.9295928506770927
18	700000	720000	0.36472024752503085
18	720000	740000	1.7760954856542588
18	740000	760000	0.7090036810229687
18	760000	780000	0.24554570484429572
18	780000	800000	0.7396548401200667
18	800000	820000	0.15857759136736682
18	820000	840000	1.7652596941857839
18	840000	860000	1.3483415646829267
18	860000	880000	0.7212771028908485
18	880000	900000	-0.2252902567476509
18	900000	920000	-1.1792216806769655
18	920000	940000	-1.3838826057025209
18	940000	960000	-1.2247885042417241
18	960000	980000	-1.1689883311115112
18	980000	1000000	-0.1616359651315067
18	1000000	1020000	-0.4617231052741717
18	1020000	1040000	-1.1538732550323623
18	1040000	1060000	-1.0449116188441376
18	1060000	1080000	-0.5861877623774028
18	1080000	1100000	-0.9127224710014197
18	1100000	1120000	-0.4629863916257797
18	1120000	1140000	-0.4476951664382085
18	1140000	1160000	-0.7052716047062004
18	1160000	1180000	0.08426629554876541
18	1180000	1200000	0.1506056160228697
18	1200000	1220000	-1.0088463035758304
18	1220000	1240000	0.5870399973690796
18	1240000	1260000	0.12974215761576513
18	1260000	1280000	-0.1742178726991277
18	1280000	1300000	0.27104136100359355
18	1300000	1320000	-0.2992610929724515
18	1320000	1340000	0.5092222552070771
18	1340000	1360000	0.4742259934642554
18	1360000	1380000	0.23579089617876292
18	1380000	1400000	1.6441285194123623
18	1400000	1420000	1.6304509665457259
18	1420000	1440000	1.5264545126531006
18	1440000	1460000	2.779342652789798
18	1460000	1480000	3.1665070786962963
18	1480000	1500000	3.119514261952484
18	1500000	1520000	3.2461673405678373
18	1520000	1540000	2.7514938460495997
18	1540000	1560000	3.1479818604680294
18	1560000	1580000	3.2294971614067673
18	1580000	1600000	3.341395968169451
18	1600000	1620000	2.9073492603907334
18	1620000	1640000	2.0482426369744684
18	1640000	1660000	3.1174692557835266
18	1660000	1680000	2.668161636476319
18	1680000	1700000	2.139977814048614
18	1700000	1720000	2.3144360668420303
18	1720000	1740000	3.092681408254084
18	1740000	1760000	2.5629466542104296
18	1760000	1780000	3.021617050489704
18	1780000	1800000	3.197940454099704
18	1800000	1820000	2.75484522302622
18	1820000	1840000	1.94955949082898
18	1840000	1860000	2.3502640577694294
18	1860000	1880000	1.2908383247776563
18	1880000	1900000	-0.15393113838645522
18	1900000	1920000	0.23104027750460965
18	1920000	1940000	-0.4790907934672317
18	1940000	1960000	0.12796781192676665
18	1960000	1980000	-0.0005859917719757135
18	1980000	2000000	-0.40519211430214686
18	2000000	2020000	-0.9842681178873471
18	2020000	2040000	-1.4342937629752104
18	2040000	2060000	-0.8665880157421864
18	2060000	2080000	-0.6356999031544808
18	2080000	2100000	0.13976156103158388
18	2100000	2120000	-0.9533381578946125
18	2120000	2140000	-0.9778620406222531
18	2140000	2160000	-0.4575747893419022
18	2160000	2180000	-0.9877076962890916
18	2180000	2200000	-2.0873086977752795
18	2200000	2220000	-1.7032759456901463
18	2220000	2240000	-1.623514174179613
18	2240000	2260000	-1.7049636628969314
18	2260000	2280000	-0.7321944462297987
18	2280000	2300000	-1.3708814524833475
18	2300000	2320000	-2.422904360570154
18	2320000	2340000	-1.2020373297142006
18	2340000	2360000	-1.0088775632469407
18	2360000	2380000	-1.5885747229861087
18	2380000	2400000	-1.5777530738121266
18	2400000	2420000	-0.6330658466257448
18	2420000	2440000	-1.2419377002966385
18	2440000	2460000	-0.7128974147500573
18	2460000	2480000	-0.21525576209241315
18	2480000	2500000	-0.2527076554358576
18	2500000	2520000	0.6320930647499639
18	2520000	2540000	0.9442857956468931
18	2540000	2560000	2.2781249380787933
18	2560000	2580000	3.878250984796674
18	2580000	2600000	3.528615217015803
18	2600000	2620000	4.092983800443397
18	2620000	2640000	3.735521164633441
18	2640000	2660000	3.431685622902523
18	2660000	2680000	3.4528901876966325
18	2680000	2700000	3.631931911324307
18	2700000	2720000	3.5257902155109617
18	2720000	2740000	2.5573555036096387
18	2740000	2760000	2.300387450099165
18	2760000	2780000	2.8479661795304105
18	2780000	2800000	2.7919019784985153
18	2800000	2820000	2.783563961505415
18	2820000	2840000	2.9379566718225396
18	2840000	2860000	2.286348575983987
18	2860000	2880000	2.3393750977792505
18	2880000	2900000	3.5144138445549746
18	2900000	2920000	3.5188860369795742
18	2920000	2940000	2.4134428367955225
18	2940000	2960000	2.475724826205145
18	2960000	2980000	2.6339632552066456
18	2980000	3000000	2.0086551152385956
18	3000000	3020000	2.4573574194825474
18	3020000	3040000	2.8253191055885685
18	3040000	3060000	2.640243587888145
18	3060000	3080000	3.815180271660357
18	3080000	3100000	2.3218354946577247
18	3100000	3120000	1.5797388838874529
18	3120000	3140000	1.52969105198805
18	3140000	3160000	1.2518880717622904
18	3160000	3180000	0.8417877499877102
18	3180000	3200000	1.4823334399861796
18	3200000	3220000	-0.36561426021487
18	3220000	3240000	0.15480094918531329
18	3240000	3260000	-1.1110958135617492
18	3260000	3280000	-1.2463919995307418
18	3280000	3300000	-1.9070202735664346
18	3300000	3320000	-2.5914685718038086
18	3320000	3340000	-1.3882488234129413
18	3340000	3360000	-2.6004282041308286
18	3360000	3380000	-3.721594637710645
18	3380000	3400000	-3.5173955993068224
18	3400000	3420000	-3.3263183430193584
18	3420000	3440000	-4.638019890835661
18	3440000	3460000	-3.8124634907189456
18	3460000	3480000	-3.800267850165275
18	3480000	3500000	-4.294992562416544
18	3500000	3520000	-3.657368621633523
18	3520000	3540000	-4.02328488592477
18	3540000	3560000	-3.6337204712800326
18	3560000	3580000	-3.7695038652597566
18	3580000	3600000	-3.1865950659771514
18	3600000	3620000	-4.270303896773966
18	3620000	3640000	-4.497969762831636
18	3640000	3660000	-3.5537354706685598
18	3660000	3680000	-3.7043205092273275
18	3680000	3700000	-3.096549157878786
18	3700000	3720000	-3.6663088036083087
18	3720000	3740000	-3.295125312307353
18	3740000	3760000	-3.5980443488935774
18	3760000	3780000	-3.978767898411757
18	3780000	3800000	-3.1287657944855796
18	3800000	3820000	-2.855594993651392
18	3820000	3840000	-3.6044378617405894
18	3840000	3860000	-3.618549478163795
18	3860000	3880000	-3.787840131089299
18	3880000	3900000	-2.5382963444800515
18	3900000	3920000	-3.7303599353123094
18	3920000	3940000	-3.2471384414936284
18	3940000	3960000	-3.129838290861528
18	3960000	3980000	-4.0292340344594795
18	3980000	4000000	-3.2379901049769533
18	4000000	4020000	-2.361108329229614
18	4020000	4040000	-4.087822521678271
18	4040000	4060000	-3.2194548317477563
18	4060000	4080000	-2.9615713039738845
18	4080000	4100000	-3.9821752087911673
18	4100000	4120000	-3.3936034320195754
18	4120000	4140000	-2.449386077953272
18	4140000	4160000	-3.0945495019575597
18	4160000	4180000	-3.644955934002529
18	4180000	4200000	-3.042381693637866
18	4200000	4220000	-3.9647461849661854
18	4220000	4240000	-3.135522447711611
18	4240000	4260000	-3.876420383036369
18	4260000	4280000	-3.2512748967241913
18	4280000	4300000	-2.7508202084358464
18	4300000	4320000	-3.6157825509599943
18	4320000	4340000	-4.003753462746159
18	4340000	4360000	-4.248896930899338
18	4360000	4380000	-3.002270622717158
18	4380000	4400000	-4.566317392796366
18	4400000	4420000	-4.388476584498896
18	4420000	4440000	-2.5461047007884927
18	4440000	4460000	-3.148528990428666
18	4460000	4480000	-2.324975908662954
18	4480000	4500000	-4.0600933950702816
18	4500000	4520000	-2.306020943275831
18	4520000	4540000	-2.0817004383819153
18	4540000	4560000	-1.4288282122898206
18	4560000	4580000	-1.3360180878628647
18	4580000	4600000	-1.8661233736998826
18	4600000	4620000	0.45303101822221326
18	4620000	4640000	1.0688961077819368
18	4640000	4660000	1.0112718091965869
18	4660000	4680000	1.8237216830588432
18	4680000	4700000	2.559418137475488
18	4700000	4720000	2.5308896528801297
18	4720000	4740000	2.883549596946697
18	4740000	4760000	3.6416328781281053
18	4760000	4780000	3.2049216317828515
18	4780000	4800000	2.750975335026176
18	4800000	4820000	3.3283398171988736
18	4820000	4840000	2.0071268734377807
18	4840000	4860000	2.9251611224911565
18	4860000	4880000	2.1870790177013757
18	4880000	4900000	2.6089944743654243
18	4900000	4920000	4.027559287133396
18	4920000	4940000	2.5262965129074617
18	4940000	4960000	2.8918431925036976
18	4960000	4980000	3.7357234933043295
18	4980000	5000000	4.8600387466092165
